# Created by Octave 4.0.3, Wed Jun 13 23:11:53 2018 CEST <artur@brodzki.home>
# name: rstate
# type: matrix
# rows: 625
# columns: 1
 3072383799
 2906495371
 2778809074
 523101348
 620321625
 3737495953
 525044758
 2541596116
 3536371745
 2816521573
 3990183546
 1248481439
 1466309102
 1627751532
 3127381240
 3075227091
 2591891850
 3163855986
 3561646275
 2456278446
 4017586183
 2988881506
 2144578613
 2441927388
 2563805603
 961343795
 747855851
 640585504
 1694958814
 2708583948
 245225893
 1582995198
 1573979608
 2752516513
 854926316
 3141415755
 2324034655
 1528145234
 2336783618
 4117463983
 2877318754
 3690459789
 3381683165
 110641208
 1787399398
 2654187388
 29204706
 708363511
 2922995150
 1486061540
 2971663486
 3763777427
 3609372195
 669437273
 2679212979
 3548790316
 4009863092
 1091600534
 3892129684
 930850218
 3861768869
 278855193
 613297206
 998954581
 3116651079
 1660894575
 2738433329
 1215189516
 1531675561
 1738354073
 4127434994
 941228097
 2105566214
 1524017976
 1050243492
 3671034498
 823263326
 3790832054
 1820960229
 1446492527
 2373388093
 3251048205
 3843161165
 3988452111
 3869754850
 2913438900
 3988795059
 3862683529
 1982944542
 1080037871
 1963360441
 1761849644
 2839230804
 2471804530
 692026275
 1886003072
 802474719
 2995570419
 2630656221
 87323671
 437842382
 1543470193
 4085740365
 915204421
 3065494841
 725199631
 2745466120
 1851257625
 4156666642
 52462602
 2697123880
 1184997796
 1741660227
 2106430534
 1680957448
 3945816298
 2122866162
 172598095
 2068044226
 4277199838
 3008992601
 2424427533
 672169072
 2844285833
 4227004311
 1776156365
 2762556202
 4228366406
 818587
 4265724777
 4258015340
 1122136884
 2517151427
 1019800525
 4019849758
 664586575
 1905053178
 1084370485
 4027367618
 1036003281
 3149667039
 4033106456
 2952467377
 3972968366
 4009060001
 552971732
 4154351517
 1834515508
 2871680679
 2329802639
 3515570627
 11189020
 2620153418
 90127739
 2171176546
 2323955285
 4189787678
 2738625936
 1991608225
 1180822984
 670501117
 2295365093
 2866720921
 3400840568
 4244478463
 1096380266
 2802485708
 1078093191
 3790787797
 987110317
 789626510
 1488027972
 3969085163
 2770834620
 3583856461
 58110161
 2124134133
 2314418671
 661332561
 1553434471
 2477995014
 945688436
 2652085604
 26378942
 1749776775
 1314749831
 2223030281
 1705651486
 3192034599
 4054295463
 3661414832
 2841867726
 3611144589
 2822035985
 3523960881
 867096808
 2828624675
 3093577677
 3628844312
 3134130567
 3814180944
 957963344
 4057744012
 185166340
 1977094131
 2943288289
 1325226248
 1267156934
 758320891
 3800609651
 1339260597
 3396623753
 1166092401
 3230739697
 3499505421
 2326140867
 1337908018
 2238219853
 4104035387
 3683485949
 630932995
 90693949
 3064330422
 2521193489
 2338306618
 2853676849
 2549409249
 712432729
 2154186340
 2811819437
 2850367792
 1319917387
 2898096048
 2729818825
 1974104531
 746803231
 2867965125
 1829274535
 1971241361
 3768213024
 560480249
 530876671
 271153733
 3598725606
 4272348112
 423264300
 127680337
 3825390349
 1060995115
 2650088654
 2866575809
 1966418636
 2211658319
 4156937836
 232508014
 2282228626
 571046848
 2763314463
 2288756572
 710003726
 2021225949
 3782812799
 2990677724
 3167836697
 3309726328
 1690796413
 4166937894
 2242599836
 2841031489
 2885449380
 1585677296
 415740250
 2342212347
 3230892084
 1385302371
 1523322696
 2637900529
 150144813
 3637234762
 2727736131
 13301480
 3882701750
 3370518949
 2776629616
 3792566420
 3817610043
 1039675705
 2978729369
 1864733432
 1920490448
 4190828050
 191341919
 3644803836
 1051159569
 3277385939
 2421860079
 2046671019
 106861344
 2286814420
 2733290013
 1906394664
 2426862826
 1429114210
 1638797165
 2487238872
 4160984131
 529167869
 2780277333
 104847597
 2269445122
 4284386082
 2420825101
 542931205
 975357507
 1804770180
 4067326095
 2283816592
 3891506810
 3198797787
 1589076134
 2249112051
 1332372368
 2088919153
 2856902404
 2680916919
 4184173528
 2567807939
 736958553
 2066358367
 3711061187
 1900101202
 2045290874
 2999786117
 35966635
 1085687583
 421243150
 3708149410
 3395756545
 200320578
 477854376
 1337382193
 1127436876
 527894627
 312972790
 3425527103
 159901822
 1304403859
 3734843759
 3763162143
 655930339
 761021902
 1753239232
 1027558245
 4063818668
 1258072910
 2656717474
 1427946442
 583129205
 468702084
 713080961
 525038625
 73987305
 342365922
 2646750482
 2891469274
 503061867
 3842840401
 1384355469
 3461305377
 1634978701
 1100335796
 2472767566
 3436397680
 262223738
 578666735
 1240940696
 2795834535
 1444793259
 3971131613
 2509177124
 3193654468
 2905628753
 54387720
 3965474040
 1730375554
 2106740008
 2639867441
 2707276968
 2777395805
 1088299550
 1127913181
 3412017262
 2357877375
 251655174
 4261853992
 163286010
 2390521591
 4206339284
 3335044174
 886138779
 1734139960
 3536699150
 1985017184
 3981370356
 1149203465
 2389639828
 3827356201
 4262335661
 1502404170
 4228483770
 3954500134
 1326581203
 3372288928
 2671057800
 4055102644
 79563323
 441089592
 944121244
 3065829385
 4057183356
 1327721120
 4084057858
 1700430984
 809392981
 601416083
 2058120409
 3010940026
 1361429695
 940148172
 3588244948
 545755020
 96145075
 2908866940
 445276659
 3625744075
 3915406385
 322936593
 1958646517
 3425131185
 998583449
 426298107
 1165003562
 453571292
 178970937
 3462142820
 175399784
 3373560318
 986870324
 806636069
 3561839514
 1999383082
 1431479155
 350057119
 979205118
 681250284
 1194367648
 3479854153
 3989070007
 427980200
 1433718974
 4285317240
 1549518374
 3906886174
 2656016092
 175448283
 2846011398
 2248458905
 3798187791
 2253358986
 1286087460
 359565521
 3877555599
 3473615237
 2285425530
 2013499720
 4250799478
 2958582243
 4113381644
 582216402
 2902372892
 517512458
 752953578
 1517305673
 2709065616
 900735258
 2759976164
 3123532602
 431006102
 1874847786
 3269207212
 2808412401
 2432644099
 360830615
 2873542426
 4271229090
 4128251190
 3063277699
 2341709507
 1670389135
 1226857582
 3405962529
 4150975034
 3445352265
 602436080
 3720480493
 2046308244
 3133104798
 1104282260
 1465246488
 936934923
 2772930958
 3055527086
 723196328
 3421783374
 446298248
 3559999117
 3909679050
 3574179154
 4118846022
 1752753396
 686348003
 1640087975
 4204694492
 2696099934
 2254553514
 3894970131
 3409669432
 1515662043
 3482536463
 955421285
 1431230420
 2512347630
 2750854543
 4183492045
 1373803760
 1399102755
 1028626575
 3195216164
 1850679181
 1959044612
 2348125169
 1630666531
 2404361130
 1272767051
 3235048919
 611272374
 437834615
 3298415581
 3250844258
 1423800658
 2393866307
 3863526921
 36896915
 3733980189
 2585040830
 23949242
 2724544551
 248529083
 172025994
 1201554703
 2711927780
 3634863779
 368799115
 455458008
 3312126932
 3067774443
 776339358
 819606813
 1662689224
 1135719946
 671918240
 356072734
 3771387655
 1028898178
 1859507302
 3079816082
 2225480949
 2980843207
 1250143721
 72821168
 2662258224
 658574625
 4209264813
 858408308
 3857686722
 1021332093
 1217474810
 960352797
 3811193480
 3413280667
 3002933273
 2678044650
 363088535
 3469048709
 976212502
 1880212856
 3997441781
 2625348781
 1977732572
 3939760270
 2257747386
 3889767277
 3200632729
 3325068693
 713169178
 1356563317
 4118316878
 45027383
 2244195296
 4096071623
 314901077
 421345336
 2341631776
 3996469646
 2677104804
 3961584732
 3314325258
 716093187
 3466988155
 123653379
 274020373
 472299298
 2529016278
 216312755
 621


